[
  [ '',   'A', 'B', 'C','D', 'E', 'v1', 'v2','v3', 'v4', 'v5', 'u1*', 'u2*', 'u3*', 'u4*', 'u5*', 'u6', 'u7', 'u8', 'u9', 'u10',  'b' ],
  [ 'u1*', 1,   0,   0,  0,   0,   -1,    0,   0,    0,    0,    1,     0,     0,     0,     0,     0,    0,    0,    0,     0,   130 ],
  [ 'u2*', 0,   1,   0,  0,   0,    1,   -1,   0,    0,    0,    0,     1,     0,     0,     0,     0,    0,    0,    0,     0,    70 ],

  [ 'u6',  1,   0,   0,  0,   0,    0,    0,   0,    0,    0,    0,     0,     0,     0,     0,     1,    0,    0,    0,     0,   300 ],
  [ 'u7',  0,   1,   0,  0,   0,    1,    0,   0,    0,    0,    0,     0,     0,     0,     0,     0,    1,    0,    0,     0,   300 ],

  

  [
    'u8', 0, 0, 1,   0, 0,
    0,    1, 0, 0,   0, 0,
    0,    0, 0, 0,   0, 0,
    1,    0, 0, 300
  ],
  [
    'u9', 0, 0, 0,   1, 0,
    0,    0, 1, 0,   0, 0,
    0,    0, 0, 0,   0, 0,
    0,    1, 0, 300
  ],
  [
    'u10', 0,   0, 0, 0,
    1,     0,   0, 0, 1,
    0,     0,   0, 0, 0,
    0,     0,   0, 0, 0,
    1,     300
  ]